717 osen female
718 osen female
719 osen female
720 osen female
721 osen female
722 osen female
Разное, высокая мода: 378, 369, 331, 326, 324, 322, 321, 286, 284, 283, 276, 275, 255, 243, 241, 213, 214, 184, 142, 151, 140, 57, 55, 192, 184, 86, 85, 82, 59, 58, 34, 28
Разное, барокко: 410, 366, 361, 273, 51, 48, 370, 98, 96, 93, 92, 212, 141, 138, 122, 121, 81, 69, 52
Разное, ведьмы: 49, 327, 335, 406
Разное, рыцарство: 67, 66, 70, 76, 116, 193, 195, 196, 198
Разное, ангелы: 260, 245, 199, 190, 189, 186, 103, 68
Разное, варвары: 25, 109, 129, 130, 131, 136, 137, 194, 201, 231, 232, 233, 234, 236
Разное, постапок: 258, 182, 181, 179, 178, 177, 176, 175, 174, 173, 172, 120, 119, 118, 117, 50, 62, 61
